10000	 0 0 0 0 0 	0.019111662
10001	 0 0 0 0 1 	0.019656644
10002	 0 0 0 0 2 	0.018853277
10003	 0 0 0 0 3 	0.018304104
10004	 0 0 0 0 4 	0.017307692
10005	 0 0 0 1 0 	0.018560729
10006	 0 0 0 1 1 	0.019236549
10007	 0 0 0 1 2 	0.019974364
10008	 0 0 0 1 3 	0.018684936
10009	 0 0 0 1 4 	0.017725897
10010	 0 0 0 2 0 	0.019907724
10011	 0 0 0 2 1 	0.017961963
10012	 0 0 0 2 2 	0.018399193
10013	 0 0 0 2 3 	0.019394599
10014	 0 0 0 2 4 	0.018753781
10015	 0 0 0 3 0 	0.019236641
10016	 0 0 0 3 1 	0.020769073
10017	 0 0 0 3 2 	0.017570665
10018	 0 0 0 3 3 	0.017866919
10019	 0 0 0 3 4 	0.020566277
10020	 0 0 1 0 0 	0.022392389
10021	 0 0 1 0 1 	0.016470588
10022	 0 0 1 0 2 	0.021965748
10023	 0 0 1 0 3 	0.017878427
10024	 0 0 1 0 4 	0.018663047
10025	 0 0 1 1 0 	0.016558119
10026	 0 0 1 1 1 	0.018500099
10027	 0 0 1 1 2 	0.018752494
10028	 0 0 1 1 3 	0.017388784
10029	 0 0 1 1 4 	0.019672131
10030	 0 0 1 2 0 	0.01923354
10031	 0 0 1 2 1 	0.015869417
10032	 0 0 1 2 2 	0.01681826
10033	 0 0 1 2 3 	0.015718684
10034	 0 0 1 2 4 	0.016724739
10035	 0 0 1 3 0 	0.018117543
10036	 0 0 1 3 1 	0.020203892
10037	 0 0 1 3 2 	0.020798089
10038	 0 0 1 3 3 	0.018077566
10039	 0 0 1 3 4 	0.020642978
10040	 0 0 2 0 0 	0.017980152
10041	 0 0 2 0 1 	0.018554576
10042	 0 0 2 0 2 	0.020248459
10043	 0 0 2 0 3 	0.019978632
10044	 0 0 2 0 4 	0.018407804
10045	 0 0 2 1 0 	0.016923524
10046	 0 0 2 1 1 	0.020236088
10047	 0 0 2 1 2 	0.019098043
10048	 0 0 2 1 3 	0.017546332
10049	 0 0 2 1 4 	0.017451524
10050	 0 0 2 2 0 	0.020161825
10051	 0 0 2 2 1 	0.017779473
10052	 0 0 2 2 2 	0.016554874
10053	 0 0 2 2 3 	0.018348624
10054	 0 0 2 2 4 	0.018181818
10055	 0 0 2 3 0 	0.018241398
10056	 0 0 2 3 1 	0.017782427
10057	 0 0 2 3 2 	0.015940104
10058	 0 0 2 3 3 	0.019579324
10059	 0 0 2 3 4 	0.018359853
10060	 0 0 3 0 0 	0.018713663
10061	 0 0 3 0 1 	0.017954022
10062	 0 0 3 0 2 	0.019361554
10063	 0 0 3 0 3 	0.017308314
10064	 0 0 3 0 4 	0.016815374
10065	 0 0 3 1 0 	0.019763744
10066	 0 0 3 1 1 	0.018547703
10067	 0 0 3 1 2 	0.016997379
10068	 0 0 3 1 3 	0.01836709
10069	 0 0 3 1 4 	0.021555764
10070	 0 0 3 2 0 	0.019215443
10071	 0 0 3 2 1 	0.019938445
10072	 0 0 3 2 2 	0.018399168
10073	 0 0 3 2 3 	0.019144081
10074	 0 0 3 2 4 	0.017223199
10075	 0 0 3 3 0 	0.019071549
10076	 0 0 3 3 1 	0.01907973
10077	 0 0 3 3 2 	0.01966658
10078	 0 0 3 3 3 	0.020246989
10079	 0 0 3 3 4 	0.019777481
10080	 0 0 4 0 0 	0.024549629
10081	 0 0 4 0 1 	0.017633411
10082	 0 0 4 0 2 	0.019009773
10083	 0 0 4 0 3 	0.018470512
10084	 0 0 4 0 4 	0.021123132
10085	 0 0 4 1 0 	0.01939404
10086	 0 0 4 1 1 	0.017403767
10087	 0 0 4 1 2 	0.018734503
10088	 0 0 4 1 3 	0.016843014
10089	 0 0 4 1 4 	0.016881522
10090	 0 0 4 2 0 	0.017250602
10091	 0 0 4 2 1 	0.019849785
10092	 0 0 4 2 2 	0.01604045
10093	 0 0 4 2 3 	0.01762438
10094	 0 0 4 2 4 	0.017209588
10095	 0 0 4 3 0 	0.022727273
10096	 0 0 4 3 1 	0.017860016
10097	 0 0 4 3 2 	0.017179564
10098	 0 0 4 3 3 	0.018321119
10099	 0 0 4 3 4 	0.019676186
10100	 0 1 0 4 0 	0.017384732
10101	 0 1 0 4 1 	0.020098688
10102	 0 1 0 4 2 	0.018821315
10103	 0 1 0 4 3 	0.019724483
10104	 0 1 0 4 4 	0.018089495
10105	 0 1 0 5 0 	0.017076402
10106	 0 1 0 5 1 	0.021568269
10107	 0 1 0 5 2 	0.017927943
10108	 0 1 0 5 3 	0.018741633
10109	 0 1 0 5 4 	0.015991471
10110	 0 1 0 6 0 	0.017523475
10111	 0 1 0 6 1 	0.017777436
10112	 0 1 0 6 2 	0.019165047
10113	 0 1 0 6 3 	0.019013062
10114	 0 1 0 6 4 	0.016711834
10115	 0 1 0 7 0 	0.020647977
10116	 0 1 0 7 1 	0.01970392
10117	 0 1 0 7 2 	0.020800254
10118	 0 1 0 7 3 	0.019510978
10119	 0 1 0 7 4 	0.020521841
10120	 0 1 1 4 0 	0.017487685
10121	 0 1 1 4 1 	0.01668827
10122	 0 1 1 4 2 	0.022625247
10123	 0 1 1 4 3 	0.018989035
10124	 0 1 1 4 4 	0.016897507
10125	 0 1 1 5 0 	0.018984642
10126	 0 1 1 5 1 	0.01845172
10127	 0 1 1 5 2 	0.020773825
10128	 0 1 1 5 3 	0.018581081
10129	 0 1 1 5 4 	0.016910569
10130	 0 1 1 6 0 	0.020670745
10131	 0 1 1 6 1 	0.020172649
10132	 0 1 1 6 2 	0.015831135
10133	 0 1 1 6 3 	0.018212622
10134	 0 1 1 6 4 	0.016368673
10135	 0 1 1 7 0 	0.015837494
10136	 0 1 1 7 1 	0.0214309
10137	 0 1 1 7 2 	0.019109429
10138	 0 1 1 7 3 	0.015123457
10139	 0 1 1 7 4 	0.018926689
10140	 0 1 2 4 0 	0.015576324
10141	 0 1 2 4 1 	0.01953125
10142	 0 1 2 4 2 	0.01779429
10143	 0 1 2 4 3 	0.016056857
10144	 0 1 2 4 4 	0.01970294
10145	 0 1 2 5 0 	0.018425302
10146	 0 1 2 5 1 	0.018336201
10147	 0 1 2 5 2 	0.018951514
10148	 0 1 2 5 3 	0.017854464
10149	 0 1 2 5 4 	0.018939997
10150	 0 1 2 6 0 	0.019178903
10151	 0 1 2 6 1 	0.018590064
10152	 0 1 2 6 2 	0.015592274
10153	 0 1 2 6 3 	0.018835616
10154	 0 1 2 6 4 	0.020590717
10155	 0 1 2 7 0 	0.019558453
10156	 0 1 2 7 1 	0.018836201
10157	 0 1 2 7 2 	0.017969968
10158	 0 1 2 7 3 	0.02087994
10159	 0 1 2 7 4 	0.013405681
10160	 0 1 3 4 0 	0.016658124
10161	 0 1 3 4 1 	0.017023073
10162	 0 1 3 4 2 	0.018271539
10163	 0 1 3 4 3 	0.018382795
10164	 0 1 3 4 4 	0.018028893
10165	 0 1 3 5 0 	0.020061412
10166	 0 1 3 5 1 	0.016575204
10167	 0 1 3 5 2 	0.016996449
10168	 0 1 3 5 3 	0.01865865
10169	 0 1 3 5 4 	0.019112628
10170	 0 1 3 6 0 	0.019558736
10171	 0 1 3 6 1 	0.019362465
10172	 0 1 3 6 2 	0.01803504
10173	 0 1 3 6 3 	0.017911883
10174	 0 1 3 6 4 	0.019941757
10175	 0 1 3 7 0 	0.019309049
10176	 0 1 3 7 1 	0.019412704
10177	 0 1 3 7 2 	0.01640159
10178	 0 1 3 7 3 	0.016428033
10179	 0 1 3 7 4 	0.022408242
10180	 0 1 4 4 0 	0.017974835
10181	 0 1 4 4 1 	0.017082337
10182	 0 1 4 4 2 	0.019935095
10183	 0 1 4 4 3 	0.018752191
10184	 0 1 4 4 4 	0.016069221
10185	 0 1 4 5 0 	0.019161842
10186	 0 1 4 5 1 	0.014713343
10187	 0 1 4 5 2 	0.017978921
10188	 0 1 4 5 3 	0.017814411
10189	 0 1 4 5 4 	0.020362274
10190	 0 1 4 6 0 	0.019410793
10191	 0 1 4 6 1 	 0.0192     
10192	 0 1 4 6 2 	0.016553197
10193	 0 1 4 6 3 	0.017928954
10194	 0 1 4 6 4 	0.018648839
10195	 0 1 4 7 0 	0.021460713
10196	 0 1 4 7 1 	0.017304965
10197	 0 1 4 7 2 	0.021372063
10198	 0 1 4 7 3 	0.019105984
10199	 0 1 4 7 4 	0.027111111