10000 0 0 0 0 0 0.020739
10001 0 0 0 0 1 0.020001
10002 0 0 0 0 2 0.020809
10003 0 0 0 0 3 0.02066
10004 0 0 0 0 4 0.020677
10005 0 0 0 1 0 0.020469
10006 0 0 0 1 1 0.021599
10007 0 0 0 1 2 0.021012
10008 0 0 0 1 3 0.021429
10009 0 0 0 1 4 0.022131
10010 0 0 0 2 0 0.020724
10011 0 0 0 2 1 0.021451
10012 0 0 0 2 2 0.021045
10013 0 0 0 2 3 0.021808
10014 0 0 0 2 4 0.02066
10015 0 0 0 3 0 0.020396
10016 0 0 0 3 1 0.02182
10017 0 0 0 3 2 0.022283
10018 0 0 0 3 3 0.020877
10019 0 0 0 3 4 0.01978
10020 0 0 1 0 0 0.020651
10021 0 0 1 0 1 0.019913
10022 0 0 1 0 2 0.020721
10023 0 0 1 0 3 0.020572
10024 0 0 1 0 4 0.020589
10025 0 0 1 1 0 0.020381
10026 0 0 1 1 1 0.021511
10027 0 0 1 1 2 0.020924
10028 0 0 1 1 3 0.021341
10029 0 0 1 1 4 0.022043
10030 0 0 1 2 0 0.020636
10031 0 0 1 2 1 0.021363
10032 0 0 1 2 2 0.020957
10033 0 0 1 2 3 0.02172
10034 0 0 1 2 4 0.020572
10035 0 0 1 3 0 0.020308
10036 0 0 1 3 1 0.021732
10037 0 0 1 3 2 0.022195
10038 0 0 1 3 3 0.020789
10039 0 0 1 3 4 0.019692
10040 0 0 2 0 0 0.019132
10041 0 0 2 0 1 0.018394
10042 0 0 2 0 2 0.019202
10043 0 0 2 0 3 0.019053
10044 0 0 2 0 4 0.01907
10045 0 0 2 1 0 0.018862
10046 0 0 2 1 1 0.019992
10047 0 0 2 1 2 0.019405
10048 0 0 2 1 3 0.019822
10049 0 0 2 1 4 0.020524
10050 0 0 2 2 0 0.019117
10051 0 0 2 2 1 0.019844
10052 0 0 2 2 2 0.019438
10053 0 0 2 2 3 0.020201
10054 0 0 2 2 4 0.019053
10055 0 0 2 3 0 0.018789
10056 0 0 2 3 1 0.020213
10057 0 0 2 3 2 0.020676
10058 0 0 2 3 3 0.01927
10059 0 0 2 3 4 0.018173
10060 0 0 3 0 0 0.021584
10061 0 0 3 0 1 0.020845
10062 0 0 3 0 2 0.021654
10063 0 0 3 0 3 0.021505
10064 0 0 3 0 4 0.021521
10065 0 0 3 1 0 0.021313
10066 0 0 3 1 1 0.022443
10067 0 0 3 1 2 0.021857
10068 0 0 3 1 3 0.022273
10069 0 0 3 1 4 0.022975
10070 0 0 3 2 0 0.021568
10071 0 0 3 2 1 0.022295
10072 0 0 3 2 2 0.02189
10073 0 0 3 2 3 0.022652
10074 0 0 3 2 4 0.021504
10075 0 0 3 3 0 0.02124
10076 0 0 3 3 1 0.022665
10077 0 0 3 3 2 0.023128
10078 0 0 3 3 3 0.021722
10079 0 0 3 3 4 0.020624
10080 0 0 4 0 0 0.02097
10081 0 0 4 0 1 0.020232
10082 0 0 4 0 2 0.02104
10083 0 0 4 0 3 0.020891
10084 0 0 4 0 4 0.020908
10085 0 0 4 1 0 0.0207
10086 0 0 4 1 1 0.02183
10087 0 0 4 1 2 0.021243
10088 0 0 4 1 3 0.02166
10089 0 0 4 1 4 0.022362
10090 0 0 4 2 0 0.020955
10091 0 0 4 2 1 0.021682
10092 0 0 4 2 2 0.021276
10093 0 0 4 2 3 0.022039
10094 0 0 4 2 4 0.020891
10095 0 0 4 3 0 0.020627
10096 0 0 4 3 1 0.022051
10097 0 0 4 3 2 0.022514
10098 0 0 4 3 3 0.021108
10099 0 0 4 3 4 0.020011
10100 0 1 0 4 0 0.020201
10101 0 1 0 4 1 0.020714
10102 0 1 0 4 2 0.021866
10103 0 1 0 4 3 0.020307
10104 0 1 0 4 4 0.02053
10105 0 1 0 5 0 0.019484
10106 0 1 0 5 1 0.02072
10107 0 1 0 5 2 0.020592
10108 0 1 0 5 3 0.019096
10109 0 1 0 5 4 0.019909
10110 0 1 0 6 0 0.019174
10111 0 1 0 6 1 0.019983
10112 0 1 0 6 2 0.019404
10113 0 1 0 6 3 0.019585
10114 0 1 0 6 4 0.018548
10115 0 1 0 7 0 0.020138
10116 0 1 0 7 1 0.01993
10117 0 1 0 7 2 0.020597
10118 0 1 0 7 3 0.019778
10119 0 1 0 7 4 0.019294
10120 0 1 1 4 0 0.020113
10121 0 1 1 4 1 0.020627
10122 0 1 1 4 2 0.021778
10123 0 1 1 4 3 0.020219
10124 0 1 1 4 4 0.020442
10125 0 1 1 5 0 0.019396
10126 0 1 1 5 1 0.020633
10127 0 1 1 5 2 0.020504
10128 0 1 1 5 3 0.019008
10129 0 1 1 5 4 0.019821
10130 0 1 1 6 0 0.019086
10131 0 1 1 6 1 0.019895
10132 0 1 1 6 2 0.019316
10133 0 1 1 6 3 0.019497
10134 0 1 1 6 4 0.01846
10135 0 1 1 7 0 0.020051
10136 0 1 1 7 1 0.019842
10137 0 1 1 7 2 0.020509
10138 0 1 1 7 3 0.01969
10139 0 1 1 7 4 0.019206
10140 0 1 2 4 0 0.018594
10141 0 1 2 4 1 0.019107
10142 0 1 2 4 2 0.020259
10143 0 1 2 4 3 0.0187
10144 0 1 2 4 4 0.018923
10145 0 1 2 5 0 0.017877
10146 0 1 2 5 1 0.019113
10147 0 1 2 5 2 0.018985
10148 0 1 2 5 3 0.017489
10149 0 1 2 5 4 0.018302
10150 0 1 2 6 0 0.017567
10151 0 1 2 6 1 0.018376
10152 0 1 2 6 2 0.017797
10153 0 1 2 6 3 0.017978
10154 0 1 2 6 4 0.016941
10155 0 1 2 7 0 0.018531
10156 0 1 2 7 1 0.018323
10157 0 1 2 7 2 0.01899
10158 0 1 2 7 3 0.018171
10159 0 1 2 7 4 0.017687
10160 0 1 3 4 0 0.021046
10161 0 1 3 4 1 0.021559
10162 0 1 3 4 2 0.02271
10163 0 1 3 4 3 0.021151
10164 0 1 3 4 4 0.021375
10165 0 1 3 5 0 0.020328
10166 0 1 3 5 1 0.021565
10167 0 1 3 5 2 0.021437
10168 0 1 3 5 3 0.01994
10169 0 1 3 5 4 0.020753
10170 0 1 3 6 0 0.020019
10171 0 1 3 6 1 0.020827
10172 0 1 3 6 2 0.020248
10173 0 1 3 6 3 0.02043
10174 0 1 3 6 4 0.019393
10175 0 1 3 7 0 0.020983
10176 0 1 3 7 1 0.020774
10177 0 1 3 7 2 0.021441
10178 0 1 3 7 3 0.020622
10179 0 1 3 7 4 0.020138
10180 0 1 4 4 0 0.020432
10181 0 1 4 4 1 0.020945
10182 0 1 4 4 2 0.022097
10183 0 1 4 4 3 0.020538
10184 0 1 4 4 4 0.020761
10185 0 1 4 5 0 0.019715
10186 0 1 4 5 1 0.020951
10187 0 1 4 5 2 0.020823
10188 0 1 4 5 3 0.019327
10189 0 1 4 5 4 0.02014
10190 0 1 4 6 0 0.019405
10191 0 1 4 6 1 0.020214
10192 0 1 4 6 2 0.019635
10193 0 1 4 6 3 0.019816
10194 0 1 4 6 4 0.018779
10195 0 1 4 7 0 0.02037
10196 0 1 4 7 1 0.020161
10197 0 1 4 7 2 0.020828
10198 0 1 4 7 3 0.020009
10199 0 1 4 7 4 0.019525
