10000 0 0 0 0 0 0.025047
10001 0 0 0 0 1 0.021777
10002 0 0 0 0 2 0.021485
10003 0 0 0 0 3 0.022316
10004 0 0 0 0 4 0.023561
10005 0 0 0 1 0 0.020789
10006 0 0 0 1 1 0.019512
10007 0 0 0 1 2 0.01536
10008 0 0 0 1 3 0.018467
10009 0 0 0 1 4 0.018238
10010 0 0 0 2 0 0.019037
10011 0 0 0 2 1 0.017078
10012 0 0 0 2 2 0.021464
10013 0 0 0 2 3 0.015284
10014 0 0 0 2 4 0.019172
10015 0 0 0 3 0 0.023812
10016 0 0 0 3 1 0.021842
10017 0 0 0 3 2 0.019631
10018 0 0 0 3 3 0.020378
10019 0 0 0 3 4 0.023376
10020 0 0 1 0 0 0.023781
10021 0 0 1 0 1 0.020511
10022 0 0 1 0 2 0.020219
10023 0 0 1 0 3 0.02105
10024 0 0 1 0 4 0.022295
10025 0 0 1 1 0 0.019523
10026 0 0 1 1 1 0.018246
10027 0 0 1 1 2 0.014094
10028 0 0 1 1 3 0.017201
10029 0 0 1 1 4 0.016972
10030 0 0 1 2 0 0.017771
10031 0 0 1 2 1 0.015812
10032 0 0 1 2 2 0.020198
10033 0 0 1 2 3 0.014017
10034 0 0 1 2 4 0.017906
10035 0 0 1 3 0 0.022546
10036 0 0 1 3 1 0.020576
10037 0 0 1 3 2 0.018365
10038 0 0 1 3 3 0.019112
10039 0 0 1 3 4 0.02211
10040 0 0 2 0 0 0.028214
10041 0 0 2 0 1 0.024944
10042 0 0 2 0 2 0.024652
10043 0 0 2 0 3 0.025483
10044 0 0 2 0 4 0.026728
10045 0 0 2 1 0 0.023956
10046 0 0 2 1 1 0.022679
10047 0 0 2 1 2 0.018527
10048 0 0 2 1 3 0.021634
10049 0 0 2 1 4 0.021405
10050 0 0 2 2 0 0.022204
10051 0 0 2 2 1 0.020245
10052 0 0 2 2 2 0.024631
10053 0 0 2 2 3 0.01845
10054 0 0 2 2 4 0.022339
10055 0 0 2 3 0 0.026979
10056 0 0 2 3 1 0.025009
10057 0 0 2 3 2 0.022798
10058 0 0 2 3 3 0.023545
10059 0 0 2 3 4 0.026543
10060 0 0 3 0 0 0.025854
10061 0 0 3 0 1 0.022584
10062 0 0 3 0 2 0.022292
10063 0 0 3 0 3 0.023124
10064 0 0 3 0 4 0.024368
10065 0 0 3 1 0 0.021596
10066 0 0 3 1 1 0.02032
10067 0 0 3 1 2 0.016167
10068 0 0 3 1 3 0.019274
10069 0 0 3 1 4 0.019045
10070 0 0 3 2 0 0.019845
10071 0 0 3 2 1 0.017885
10072 0 0 3 2 2 0.022272
10073 0 0 3 2 3 0.016091
10074 0 0 3 2 4 0.019979
10075 0 0 3 3 0 0.02462
10076 0 0 3 3 1 0.02265
10077 0 0 3 3 2 0.020439
10078 0 0 3 3 3 0.021185
10079 0 0 3 3 4 0.024183
10080 0 0 4 0 0 0.02457
10081 0 0 4 0 1 0.0213
10082 0 0 4 0 2 0.021008
10083 0 0 4 0 3 0.02184
10084 0 0 4 0 4 0.023084
10085 0 0 4 1 0 0.020312
10086 0 0 4 1 1 0.019036
10087 0 0 4 1 2 0.014883
10088 0 0 4 1 3 0.01799
10089 0 0 4 1 4 0.017761
10090 0 0 4 2 0 0.018561
10091 0 0 4 2 1 0.016601
10092 0 0 4 2 2 0.020988
10093 0 0 4 2 3 0.014807
10094 0 0 4 2 4 0.018695
10095 0 0 4 3 0 0.023335
10096 0 0 4 3 1 0.021366
10097 0 0 4 3 2 0.019155
10098 0 0 4 3 3 0.019901
10099 0 0 4 3 4 0.022899
10100 0 1 0 4 0 0.021756
10101 0 1 0 4 1 0.022115
10102 0 1 0 4 2 0.021969
10103 0 1 0 4 3 0.023999
10104 0 1 0 4 4 0.023263
10105 0 1 0 5 0 0.01751
10106 0 1 0 5 1 0.01971
10107 0 1 0 5 2 0.015854
10108 0 1 0 5 3 0.019137
10109 0 1 0 5 4 0.020321
10110 0 1 0 6 0 0.022619
10111 0 1 0 6 1 0.023366
10112 0 1 0 6 2 0.019622
10113 0 1 0 6 3 0.02274
10114 0 1 0 6 4 0.020948
10115 0 1 0 7 0 0.020716
10116 0 1 0 7 1 0.020829
10117 0 1 0 7 2 0.021434
10118 0 1 0 7 3 0.017763
10119 0 1 0 7 4 0.017853
10120 0 1 1 4 0 0.02049
10121 0 1 1 4 1 0.020848
10122 0 1 1 4 2 0.020703
10123 0 1 1 4 3 0.022733
10124 0 1 1 4 4 0.021997
10125 0 1 1 5 0 0.016244
10126 0 1 1 5 1 0.018444
10127 0 1 1 5 2 0.014588
10128 0 1 1 5 3 0.017871
10129 0 1 1 5 4 0.019055
10130 0 1 1 6 0 0.021353
10131 0 1 1 6 1 0.0221
10132 0 1 1 6 2 0.018356
10133 0 1 1 6 3 0.021473
10134 0 1 1 6 4 0.019682
10135 0 1 1 7 0 0.01945
10136 0 1 1 7 1 0.019563
10137 0 1 1 7 2 0.020168
10138 0 1 1 7 3 0.016497
10139 0 1 1 7 4 0.016587
10140 0 1 2 4 0 0.024923
10141 0 1 2 4 1 0.025281
10142 0 1 2 4 2 0.025136
10143 0 1 2 4 3 0.027166
10144 0 1 2 4 4 0.02643
10145 0 1 2 5 0 0.020677
10146 0 1 2 5 1 0.022877
10147 0 1 2 5 2 0.019021
10148 0 1 2 5 3 0.022304
10149 0 1 2 5 4 0.023488
10150 0 1 2 6 0 0.025786
10151 0 1 2 6 1 0.026533
10152 0 1 2 6 2 0.022789
10153 0 1 2 6 3 0.025907
10154 0 1 2 6 4 0.024115
10155 0 1 2 7 0 0.023883
10156 0 1 2 7 1 0.023996
10157 0 1 2 7 2 0.024601
10158 0 1 2 7 3 0.02093
10159 0 1 2 7 4 0.02102
10160 0 1 3 4 0 0.022563
10161 0 1 3 4 1 0.022922
10162 0 1 3 4 2 0.022776
10163 0 1 3 4 3 0.024806
10164 0 1 3 4 4 0.02407
10165 0 1 3 5 0 0.018318
10166 0 1 3 5 1 0.020517
10167 0 1 3 5 2 0.016661
10168 0 1 3 5 3 0.019945
10169 0 1 3 5 4 0.021128
10170 0 1 3 6 0 0.023427
10171 0 1 3 6 1 0.024173
10172 0 1 3 6 2 0.020429
10173 0 1 3 6 3 0.023547
10174 0 1 3 6 4 0.021756
10175 0 1 3 7 0 0.021524
10176 0 1 3 7 1 0.021636
10177 0 1 3 7 2 0.022241
10178 0 1 3 7 3 0.01857
10179 0 1 3 7 4 0.01866
10180 0 1 4 4 0 0.021279
10181 0 1 4 4 1 0.021638
10182 0 1 4 4 2 0.021492
10183 0 1 4 4 3 0.023522
10184 0 1 4 4 4 0.022786
10185 0 1 4 5 0 0.017034
10186 0 1 4 5 1 0.019233
10187 0 1 4 5 2 0.015377
10188 0 1 4 5 3 0.018661
10189 0 1 4 5 4 0.019844
10190 0 1 4 6 0 0.022143
10191 0 1 4 6 1 0.022889
10192 0 1 4 6 2 0.019145
10193 0 1 4 6 3 0.022263
10194 0 1 4 6 4 0.020472
10195 0 1 4 7 0 0.02024
10196 0 1 4 7 1 0.020352
10197 0 1 4 7 2 0.020957
10198 0 1 4 7 3 0.017286
10199 0 1 4 7 4 0.017376
